arr = [100,20,30;100,15,60;90,40,35;75,30,40];

rent = arr(1:end,1);
rent1 = arr(:,1)